
63
66
66
65
62
65
65
66
65
65
6668
65
66
66
65
66
65
61
67
69
67
65
68
64
65
59
65
63
64
67
64
65
66
64
65
69
66
64
66
63
65
65
66
66
63
65
65
65
65
65
66
65
66
65
65
69
66
66
44
66
65
63
64
65
65
64
65
65
65
54
66
67
64
66
66
64
67
66
70
64
65
66
68
66
66
64
68
67
65
64
65
67
64
65
63
65
66
65
67
61
66
63
55
64
67
66
68
66
67
64
65
65
66
67
65
65
62
66
68
65
64
65
63
65
64
70
66
65
62
64
55
66
66
67
66
69
64
65
65
67
66
64
66
65
67
68
66
64
65
68
62
67
67
67
65
66
67
66
66
65
64
70
67
67
64
66
66
65
65
65
65
66
65
61
66
68
54
66
65
67
64
65
63
65
66
64
63
65
66
65
66
64
66
65
66
66
65
65
65
66
66
67
65
66
64
66
66
66
66
66
65
65
66
48
66
66
65
63
65
65
66
66
65
67
67
64
64
66
66
65
66
66
66
65
65
67
64
64
64
64
66
66
65
66
66
67
66
65
66
64
67
66
67
65
65
65
65
65
65
66
64
65
67
63
66
65
65
61
65
67
68
65
65
65
64
66
66
65
65
65
66
64
65
66
63
65
66
65
63
67
66
65
65
64
66
65
65
66
66
66
67
67
66
67
66
66
65
66
64
66
65
66
65
65
63
66
65
66
66
66
65
66
65
65
67
65
65
66
66
66
84
66
65
65
69
63
66
63
69
66
65
65
67
64
65
65
65
67
65
65
66
65
65
67
64
70
66
64
67
67
66
65
67
65
70
66
64
55
66
67
49
66
66
33
65
64
66
70
67
66
66
65
65
66
65
65
66
66
67
66
66
64
67
65
65
68
69
68
60
65
65
63
66
65
66
67
62
77
67
63
67
66
66
64
65
65
64
64
66
66
64
66
65
65
65
67
66
64
65
66
66
66
66
66
64
65
65
65
67
68
64
66
69
65
65
66
65
66
62
64
65
66
69
50
63
65
67
67
66
68
66
67
65
65
65
66
66
64
65
67
65
64
65
65
65
65
68
67
66
67
66
67
66
64
65
65
64
47
65
63
67
65
65
65
64
68
67
65
70
65
65
65
65
63
67
67
65
67
66
67
65
64
63
66
65
66
65
65
65
67
65
65
62
66
65
64
66
64
65
66
58
64
68
66
64
66
67
66
65
64
65
64
64
67
67
64
66
65
65
68
63
66
63
68
67
68
62
66
65
66
65
89
64
64
65
65
65
65
65
65
66
65
65
64
66
66
65
64
69
66
64
65
66
65
72
66
65
66
66
65
68
64
67
66
65
65
68
65
61
66
65
67
65
65
77
65
65
75
65
65
67
65
64
66
64
66
67
66
65
67
65
67
65
66
65
64
65
64
65
61
70
66
65
66
66
64
66
64
68
64
66
68
64
69
64
65
65
66
67
66
34
65
66
65
66
66
65
66
69
69
65
66
65
63
65
66
65
66
64
64
64
65
67
69
66
65
65
65
64
70
66
65
66
65
65
65
66
87
65
67
77
65
67
45
65
65
65
65
66
63
66
67
65
65
66
65
61
65
65
65
65
67
65
64
66
65
65
64
63
63
64
65
67
66
66
66
64
66
65
66
64
68
65
65
66
66
65
66
65
66
70
65
65
65
65
66
66
65
65
68
64
66
63
66
65
66
66
62
66
66
65
65
65
66
65
65
66
66
66
69
68
63
67
63
63
64
65
66
68
66
66
65
65
67
65
66
67
67
66
94
62
66
66
66
67
66
66
65
67
61
66
65
64
66
67
63
65
66
64
65
62
66
67
65
65
68
65
67
66
65
64
66
68
65
66
67
66
66
64
66
66
65
65
66
67
65
66
65
64
66
66
65
66
66
64
66
65
66
68
67
66
67
68
66
66
66
66
64
66
65
66
66
65
66
64
66
60
64
66
67
66
65
63
67
67
65
67
66
70
66
67
67
65
67
65
63
65
67
66
68
65
65
65
67
64
65
66
64
66
64
64
59
65
65
66
66
64
64
65
66
66
64
66
64
66
67
64
65
67
65
64
64
63
66
60
65
64
65
65
66
66
65
66
65
66
66
66
65
64
65
66
65
60
65
67
64
66
66
72
67
66
66
65
65
63
65
64
66
66
66
65
66
63
67
66
68
65
67
65
62
65
71
60
66
68
70
66
59
67
65
67
68
66
64
66
65
67
64
66
66
65
64
63
66
64
57
66
65
72
65
61
64
65
62
64
64
66
65
64
64
66
64
66
72
65
65
66
66
66
69
66
63
64
66
68
64
63
66
65
65
64
54
66
65
72
64
66
67
65
64
65
65
68
63
68
65
66
68
67
65
67
66
67
65
63
34
64
64
69
66
65
65
65
66
81
64
65
65
68
64
64
65
68
66
65
71
65
64
69
67
66
65
66
67
65
61
66
66
79
67
67
66
66
70
72
67
67
71
67
65
53
63
65
67
65
65
55
66
66
69
65
66
65
65
65
63
66
66
66
62
65
66
65
66
69
66
66
56
65
67
98
65
67
65
68
66
37
65
67
65
64
66
68
66
64
67
65
68
65
65
69
67
66
64
65
70
67
65
65
66
81
65
65
66
65
66
51
64
64
66
65
65
66
66
64
64
67
68
67
65
64
63
66
66
66
64
67
66
65
66
67
64
64
65
66
67
66
67
64
65
63
68
65
66
65
65
65
64
66
65
63
67
66
66
66
59
64
66
66
65
67
62
67
66
65
65
67
65
64
66
66
65
68
66
65
65
65
66
69
65
65
64
65
65
62
65
67
66
64
66
65
65
66
67
64
67
66
67
63
68
62
66
66
64
63
65
64
66
68
66
63
63
64
69
66
66
65
66
66
65
64
66
80
66
63
65
64
66
69
66
67
66
65
65
64
65
66
66
66
50
66
66
66
67
66
70
63
66
65
65
64
64
64
61
65
65
65
64
65
64
66
64
67
65
65
66
65
66
67
65
65
64
65
70
65
62
66
65
70
66
65
59
65
64
67
66
66
62
63
65
65
65
67
68
65
63
65
65
65
64
67
66
66
51
65
63
65
67
63
65
63
68
65
66
64
66
63
66
65
66
64
65
67
64
66
67
66
66
66
66
65
65
65
66
68
68
68
65
62
66
67
66
69
33
65
64
66
68
65
66
65
66
66
67
63
66
66
68
64
67
64
66
58
68
67
59
66
66
67
67
66
66
68
65
65
64
66
66
65
58
67
67
65
65
67
66
67
66
65
64
70
68
65
69
66
68
66
63
65
67
64
65
66
67
66
50
66
64
73
65
63
67
68
63
66
66
67
65
64
66
66
64
66
63
67
66
65
65
65
65
63
66
66
66
67
65
53
66
65
65
65
68
97
66
66
79
67
63
65
66
69
68
66
66
64
64
70
63
66
66
63
64
66
67
67
66
63
66
65
66
66
66
64
65
66
63
65
65
67
65
67
65
65
65
64
66
65
66
71
66
65
69
69
65
64
67
66
63
65
65
66
65
64
65
66
63
70
66
67
68
66
66
65
66
66
78
65
66
68
66
64
66
67
66
66
66
65
66
65
66
67
67
68
65
65
65
68
65
67
67
64
67
65
66
66
61
65
65
67
62
65
66
66
64
66
64
66
66
66
66
64
64
66
65
63
67
66
64
66
64
63
66
66
65
66
67
66
64
64
63
65
62
65
66
64
68
66
66
66
66
67
66
67
65
62
65
68
65
65
65
67
65
65
65
66
65
65
65
66
64
65
65
66
66
65
66
65
68
66
65
65
66
65
66
67
64
65
65
65
65
67
65
63
66
65
65
63
66
69
65
66
68
65
64
67
66
62
67
66
71
65
67
67
66
66
65
66
65
66
67
65
66
66
66
60
66
64
67
68
65
62
66
66
67
66
69
68
65
66
65
66
66
65
65
68
71
67
65
65
63
66
66
64
67
64
66
65
67
68
66
65
66
70
63
66
65
65
65
65
65
65
52
65
64
74
63
66
66
65
65
66
67
65
63
66
68
66
67
66
66
64
64
66
67
65
65
66
65
66
63
64
64
66
65
64
67
66
64
66
65
65
64
65
66
64
65
64
66
66
66
63
66
64
65
66
64
66
64
64
65
65
64
65
65
63
67
66
67
65
64
64
67
63
65
65
66
62
64
65
64
66
65
67
66
65
64
65
64
63
67
65
67
65
66
65
66
65
67
65
65
65
65
63
66
64
65
66
66
64
65
67
66
65
67
65
68
66
65
65
66
64
64
64
63
67
66
68
63
69
67
63
65
66
65
65
64
66
66
98
67
65
65
67
66
65
65
63
68
66
66
67
65
66
65
66
64
64
65
64
65
66
67
65
66
63
63
63
68
66
65
66
65
65
67
65
66
66
66
65
66
67
68
66
66
81
67
64
65
66
65
67
64
65
66
67
66
64
67
66
66
66
65
64
70
65
64
63
63
62
69
63
65
65
63
65
63
61
65
65
65
66
67
65
65
66
66
65
64
66
65
65
67
65
65
68
65
65
66
66
64
63
65
66
64
65
65
68
67
67
61
63
67
65
65
63
68
65
66
66
66
66
65
65
61
65
66
65
65
66
65
66
63
69
65
65
66
65
66
66
66
60
64
65
66
65
65
66
63
64
66
67
66
64
64
67
66
66
65
63
66
65
63
66
65
67
65
67
65
66
68
66
65
66
68
65
66
66
65
66
67
65
66
66
64
65
66
67
67
64
65
64
66
65
62
67
67
65
65
65
67
56
65
65
66
65
66
63
64
65
68
64
64
62
65
65
65
64
66
63
65
66
66
65
55
67
65
66
63
62
65
70
66
66
63
65
65
63
65
66
71
65
64
64
67
65
64
65
67
66
63
66
65
65
65
48
67
67
65
65
63
63
67
65
63
66
71
64
65
65
64
69
52
67
66
66
66
64
63
66
64
64
66
69
64
65
66
67
66
66
65
64
67
63
65
65
66
66
66
63
66
66
62
66
65
70
65
65
64
64
66
66
65
66
66
66
65
68
65
66
66
65
66
65
64
69
65
67
66
65
65
66
65
59
65
65
67
67
65
63
65
66
67
64
64
67
64
65
64
65
70
66
65
65
65
67
66
64
65
65
66
64
68
67
66
64
63
63
65
66
66
66
65
96
64
66
81
65
65
66
64
64
65
65
65
64
64
65
65
64
68
65
65
66
67
64
67
68
68
65
68
63
64
64
70
66
66
66
63
65
66
68
65
97
66
63
66
66
66
80
65
65
61
65
66
64
65
66
66
62
66
65
65
64
65
65
62
65
66
64
68
